weave is not available.
using integer array compatibility with float arrays
not using array module:
                 1000       2000       4000       8000      16000
         1          9          1          2          4          8
     10000        177        336        677       1338       2680
     20000        339        679       1362       2802       5366
     40000        666       1344       2673       5596      10739
     80000       1363       2690       5500      11202      21509
using array module:
                 1000       2000       4000       8000      16000
         1          3          0          0          1          3
     10000        381        747       1508       2968       6060
     20000        758       1554       3008       6048      11992
     40000       1482       3008       5962      11938      24192
     80000       3000       6029      11893      24770      48174
{(True, 1, 4000): (0.9329319000244141, [0.7388591766357422, 1.127004623413086]), (False, 80000, 2000): (2690.8140182495117, [2664.547920227051, 2717.0801162719727]), (True, 40000, 8000): (11938.575029373169, [11913.118124008179, 11964.03193473816]), (True, 1, 1000): (3.0449628829956055, [5.851984024047852, 0.23794174194335938]), (True, 1, 2000): (0.3865957260131836, [0.3941059112548828, 0.3790855407714844]), (False, 80000, 8000): (11202.147603034973, [11283.987998962402, 11120.307207107544]), (True, 20000, 2000): (1554.0670156478882, [1491.6329383850098, 1616.5010929107666]), (True, 1, 8000): (1.5330314636230469, [1.3630390167236328, 1.703023910522461]), (False, 20000, 2000): (679.1706085205078, [678.9181232452393, 679.4230937957764]), (True, 20000, 16000): (11992.049932479858, [11946.82002067566, 12037.279844284058]), (False, 1, 2000): (1.3784170150756836, [1.3439655303955078, 1.4128684997558594]), (False, 40000, 1000): (666.1175489425659, [665.2870178222656, 666.9480800628662]), (False, 10000, 2000): (336.405873298645, [338.14096450805664, 334.6707820892334]), (False, 40000, 4000): (2673.550009727478, [2666.8479442596436, 2680.2520751953125]), (True, 80000, 4000): (11893.850445747375, [11815.407991409302, 11972.29290008545]), (True, 40000, 1000): (1482.8420877456665, [1487.1981143951416, 1478.4860610961914]), (True, 20000, 4000): (3008.4455013275146, [2992.933988571167, 3023.9570140838623]), (False, 20000, 8000): (2802.988052368164, [2863.88897895813, 2742.0871257781982]), (True, 80000, 2000): (6029.773950576782, [6057.559967041016, 6001.987934112549]), (False, 1, 8000): (4.538893699645996, [5.097866058349609, 3.979921340942383]), (False, 40000, 16000): (10739.811062812805, [10712.575912475586, 10767.046213150024]), (True, 10000, 2000): (747.9901313781738, [749.9611377716064, 746.0191249847412]), (False, 80000, 4000): (5500.82802772522, [5569.820880889893, 5431.835174560547]), (True, 10000, 1000): (381.87551498413086, [391.9639587402344, 371.78707122802734]), (False, 40000, 2000): (1344.5680141448975, [1350.167989730835, 1338.96803855896]), (True, 40000, 16000): (24192.48604774475, [24280.571937561035, 24104.400157928467]), (False, 20000, 1000): (339.5869731903076, [338.26398849487305, 340.9099578857422]), (True, 20000, 1000): (758.1230401992798, [777.1530151367188, 739.0930652618408]), (True, 10000, 16000): (6060.8954429626465, [6036.3099575042725, 6085.4809284210205]), (True, 80000, 16000): (48174.240469932556, [47741.43481254578, 48607.046127319336]), (False, 80000, 16000): (21509.576559066772, [21591.994047164917, 21427.159070968628]), (False, 10000, 16000): (2680.2539825439453, [2676.6021251678467, 2683.905839920044]), (True, 10000, 8000): (2968.44744682312, [2992.0990467071533, 2944.795846939087]), (True, 10000, 4000): (1508.3094835281372, [1517.7209377288818, 1498.8980293273926]), (False, 1, 4000): (2.982974052429199, [3.3409595489501953, 2.624988555908203]), (False, 10000, 1000): (177.46806144714355, [188.01498413085938, 166.92113876342773]), (True, 80000, 8000): (24770.15197277069, [24393.40591430664, 25146.89803123474]), (True, 1, 16000): (3.479480743408203, [3.4198760986328125, 3.5390853881835938]), (False, 1, 1000): (9.134888648986816, [17.551898956298828, 0.7178783416748047]), (False, 10000, 4000): (677.8409481048584, [680.4800033569336, 675.2018928527832]), (False, 40000, 8000): (5596.032023429871, [5754.8980712890625, 5437.165975570679]), (True, 20000, 8000): (6048.825621604919, [6079.738140106201, 6017.913103103638]), (False, 80000, 1000): (1363.4040355682373, [1348.6108779907227, 1378.197193145752]), (True, 80000, 1000): (3000.285029411316, [2985.9249591827393, 3014.6450996398926]), (True, 40000, 4000): (5962.956070899963, [5948.632001876831, 5977.280139923096]), (False, 20000, 4000): (1362.268090248108, [1341.7840003967285, 1382.7521800994873]), (False, 20000, 16000): (5366.271495819092, [5356.935024261475, 5375.607967376709]), (False, 10000, 8000): (1338.3764028549194, [1335.994005203247, 1340.7588005065918]), (True, 40000, 2000): (3008.0795288085938, [3007.4760913848877, 3008.6829662323]), (False, 1, 16000): (8.605480194091797, [8.270978927612305, 8.939981460571289])}
